#VRML V1.0 ascii

Separator {
    Separator {
	Separator {
	    Separator {
		MatrixTransform {
		    matrix	0.4 0 0 0
			    0 0.45 0 0
			    0 0 0.3 0
			    0 -0.09 -0.035 1
		}
		Cube {
		}
	    }
	}
	Separator {
	    Separator {
		MatrixTransform {
		    matrix	0.4 0 0 0
			    0 0.35 0 0
			    0 0 0.02 0
			    0 0.01 0.295 1
		}
		Cube {
		}
	    }
	}
	Separator {
	    Separator {
		MatrixTransform {
		    matrix	0.4 0 0 0
			    0 0.09 0 0
			    0 0 0.02 0
			    0 -0.45 0.295 1
		}
		Cube {
		}
	    }
	}
	Separator {
	    Material {
		diffuseColor	0.1 0.1 0.1
		specularColor	0.3 0.3 0.3
		shininess	1
	    }
	    Separator {
		MatrixTransform {
		    matrix	0.25 0 0 0
			    0 0.1 0 0
			    0 0 0.02 0
			    0 0.11 0.305 1
		}
		Cube {
		}
	    }
	}
	Separator {
	    Separator {
		MatrixTransform {
		    matrix	0.4 0 0 0
			    0 0.09 0 0
			    0 0 0.02 0
			    0 0.45 -0.315 1
		}
		Cube {
		}
	    }
	}
	Separator {
	    Material {
		diffuseColor	0.1 0.1 0.1
	    }
	    Separator {
		MatrixTransform {
		    matrix	0.03 0 0 0
			    0 -3.69549e-08 0.01 0
			    0 -0.03 -1.10865e-07 0
			    0.33 0.45 -0.29 1
		}
		Cylinder {
		}
	    }
	}
	Separator {
	    Material {
		diffuseColor	0.1 0.1 0.1
	    }
	    Separator {
		MatrixTransform {
		    matrix	0.03 0 0 0
			    0 -3.69549e-08 0.01 0
			    0 -0.03 -1.10865e-07 0
			    0.22 0.45 -0.29 1
		}
		Cylinder {
		}
	    }
	}
	Separator {
	    Material {
		diffuseColor	0.1 0.1 0.1
	    }
	    Separator {
		MatrixTransform {
		    matrix	0.03 0 0 0
			    0 -3.69549e-08 0.01 0
			    0 -0.03 -1.10865e-07 0
			    0.11 0.45 -0.29 1
		}
		Cylinder {
		}
	    }
	}
	Separator {
	    Material {
		diffuseColor	0.1 0.1 0.1
	    }
	    Separator {
		MatrixTransform {
		    matrix	0.03 0 0 0
			    0 -3.69549e-08 0.01 0
			    0 -0.03 -1.10865e-07 0
			    0 0.45 -0.29 1
		}
		Cylinder {
		}
	    }
	}
	Separator {
	    Material {
		diffuseColor	0.1 0.1 0.1
	    }
	    Separator {
		MatrixTransform {
		    matrix	0.04 0 0 0
			    0 -3.69549e-08 0.01 0
			    0 -0.04 -1.4782e-07 0
			    -0.17 0.45 -0.29 1
		}
		Cylinder {
		}
	    }
	}
	Separator {
	    Material {
		diffuseColor	0.1 0.1 0.1
	    }
	    Separator {
		MatrixTransform {
		    matrix	0.04 0 0 0
			    0 -3.69549e-08 0.01 0
			    0 -0.04 -1.4782e-07 0
			    -0.3 0.45 -0.29 1
		}
		Cylinder {
		}
	    }
	}
	Separator {
	    Material {
		diffuseColor	0.1 0.1 0.1
	    }
	    Separator {
		MatrixTransform {
		    matrix	0.12 0 0 0
			    0 0.02 0 0
			    0 0 0.12 0
			    0.22 0.345 0.11 1
		}
		Cylinder {
		}
	    }
	}
	Separator {
	    Material {
		diffuseColor	0.1 0.1 0.1
	    }
	    Separator {
		MatrixTransform {
		    matrix	0.12 0 0 0
			    0 0.02 0 0
			    0 0 0.12 0
			    -0.22 0.345 -0.13 1
		}
		Cylinder {
		}
	    }
	}
	Separator {
	    Material {
		diffuseColor	0.1 0.1 0.1
	    }
	    Separator {
		MatrixTransform {
		    matrix	0.08 0 0 0
			    0 0.02 0 0
			    0 0 0.08 0
			    -0.22 0.345 0.11 1
		}
		Cylinder {
		}
	    }
	}
	Separator {
	    Material {
		diffuseColor	0.1 0.1 0.1
	    }
	    Separator {
		MatrixTransform {
		    matrix	0.08 0 0 0
			    0 0.02 0 0
			    0 0 0.08 0
			    0.22 0.345 -0.13 1
		}
		Cylinder {
		}
	    }
	}
	Separator {
	    Material {
		diffuseColor	0.1 0.1 0.1
	    }
	    Separator {
		MatrixTransform {
		    matrix	0.35 0 0 0
			    0 0.01 0 0
			    0 0 0.01 0
			    0 0.32 0.325 1
		}
		Cube {
		}
	    }
	}
	Separator {
	    Material {
		diffuseColor	0.1 0.1 0.1
	    }
	    Separator {
		MatrixTransform {
		    matrix	0.35 0 0 0
			    0 0.01 0 0
			    0 0 0.01 0
			    0 -0.4 0.325 1
		}
		Cube {
		}
	    }
	}
    }
}
