#usda 1.0
(
    defaultPrim = "root"
    doc = "Blender v4.1.1"
    metersPerUnit = 1
    upAxis = "Z"
)

def Xform "root" (
    customData = {
        dictionary Blender = {
            bool generated = 1
        }
    }
)
{
    def Xform "SceneViewpoints"
    {
        matrix4d xformOp:transform = ( (1, 0, 0, 0), (0, 1, 0, 0), (0, 0, 1, 0), (0, 0, 0, 1) )
        uniform token[] xformOpOrder = ["xformOp:transform"]

        def Xform "Viewpoint_009"
        {
            matrix4d xformOp:transform = ( (1, 0, 0, 0), (0, 1, 0, 0), (0, 0, 1, 0), (0, 0, 0, 1) )
            uniform token[] xformOpOrder = ["xformOp:transform"]

            def Camera "Viewpoint_009"
            {
                float2 clippingRange = (0.1, 1000)
                float focalLength = 0.4345585
                float horizontalAperture = 0.36
                float horizontalApertureOffset = 0
                token projection = "perspective"
                float verticalAperture = 0.2025
                float verticalApertureOffset = 0
            }
        }

        def Xform "Viewpoint_008"
        {
            matrix4d xformOp:transform = ( (1, 0, 0, 0), (0, 1, 0, 0), (0, 0, 1, 0), (0, 0, 0, 1) )
            uniform token[] xformOpOrder = ["xformOp:transform"]

            def Camera "Viewpoint_008"
            {
                float2 clippingRange = (0.1, 1000)
                float focalLength = 0.4345585
                float horizontalAperture = 0.36
                float horizontalApertureOffset = 0
                token projection = "perspective"
                float verticalAperture = 0.2025
                float verticalApertureOffset = 0
            }
        }

        def Xform "Viewpoint_007"
        {
            matrix4d xformOp:transform = ( (1, 0, 0, 0), (0, 1, 0, 0), (0, 0, 1, 0), (0, 0, 0, 1) )
            uniform token[] xformOpOrder = ["xformOp:transform"]

            def Camera "Viewpoint_007"
            {
                float2 clippingRange = (0.1, 1000)
                float focalLength = 0.4345585
                float horizontalAperture = 0.36
                float horizontalApertureOffset = 0
                token projection = "perspective"
                float verticalAperture = 0.2025
                float verticalApertureOffset = 0
            }
        }

        def Xform "Viewpoint_006"
        {
            matrix4d xformOp:transform = ( (1, 0, 0, 0), (0, 1, 0, 0), (0, 0, 1, 0), (0, 0, 0, 1) )
            uniform token[] xformOpOrder = ["xformOp:transform"]

            def Camera "Viewpoint_006"
            {
                float2 clippingRange = (0.1, 1000)
                float focalLength = 0.4345585
                float horizontalAperture = 0.36
                float horizontalApertureOffset = 0
                token projection = "perspective"
                float verticalAperture = 0.2025
                float verticalApertureOffset = 0
            }
        }

        def Xform "Viewpoint_005"
        {
            matrix4d xformOp:transform = ( (1, 0, 0, 0), (0, 1, 0, 0), (0, 0, 1, 0), (0, 0, 0, 1) )
            uniform token[] xformOpOrder = ["xformOp:transform"]

            def Camera "Viewpoint_005"
            {
                float2 clippingRange = (0.1, 1000)
                float focalLength = 0.4345585
                float horizontalAperture = 0.36
                float horizontalApertureOffset = 0
                token projection = "perspective"
                float verticalAperture = 0.2025
                float verticalApertureOffset = 0
            }
        }

        def Xform "Viewpoint_004"
        {
            matrix4d xformOp:transform = ( (1, 0, 0, 0), (0, 1, 0, 0), (0, 0, 1, 0), (0, 0, 0, 1) )
            uniform token[] xformOpOrder = ["xformOp:transform"]

            def Camera "Viewpoint_004"
            {
                float2 clippingRange = (0.1, 1000)
                float focalLength = 0.4345585
                float horizontalAperture = 0.36
                float horizontalApertureOffset = 0
                token projection = "perspective"
                float verticalAperture = 0.2025
                float verticalApertureOffset = 0
            }
        }

        def Xform "Viewpoint_003"
        {
            matrix4d xformOp:transform = ( (1, 0, 0, 0), (0, 1, 0, 0), (0, 0, 1, 0), (0, 0, 0, 1) )
            uniform token[] xformOpOrder = ["xformOp:transform"]

            def Camera "Viewpoint_003"
            {
                float2 clippingRange = (0.1, 1000)
                float focalLength = 0.4345585
                float horizontalAperture = 0.36
                float horizontalApertureOffset = 0
                token projection = "perspective"
                float verticalAperture = 0.2025
                float verticalApertureOffset = 0
            }
        }

        def Xform "Viewpoint_002"
        {
            matrix4d xformOp:transform = ( (1, 0, 0, 0), (0, 1, 0, 0), (0, 0, 1, 0), (0, 0, 0, 1) )
            uniform token[] xformOpOrder = ["xformOp:transform"]

            def Camera "Viewpoint_002"
            {
                float2 clippingRange = (0.1, 1000)
                float focalLength = 0.4345585
                float horizontalAperture = 0.36
                float horizontalApertureOffset = 0
                token projection = "perspective"
                float verticalAperture = 0.2025
                float verticalApertureOffset = 0
            }
        }

        def Xform "Viewpoint_001"
        {
            matrix4d xformOp:transform = ( (1, 0, 0, 0), (0, 1, 0, 0), (0, 0, 1, 0), (0, 0, 0, 1) )
            uniform token[] xformOpOrder = ["xformOp:transform"]

            def Camera "Viewpoint_001"
            {
                float2 clippingRange = (0.1, 1000)
                float focalLength = 0.4345585
                float horizontalAperture = 0.36
                float horizontalApertureOffset = 0
                token projection = "perspective"
                float verticalAperture = 0.2025
                float verticalApertureOffset = 0
            }
        }

        def Xform "Viewpoint"
        {
            matrix4d xformOp:transform = ( (1, 0, 0, 0), (0, 1, 0, 0), (0, 0, 1, 0), (0, 0, 0, 1) )
            uniform token[] xformOpOrder = ["xformOp:transform"]

            def Camera "Viewpoint"
            {
                float2 clippingRange = (0.1, 1000)
                float focalLength = 0.4345585
                float horizontalAperture = 0.36
                float horizontalApertureOffset = 0
                token projection = "perspective"
                float verticalAperture = 0.2025
                float verticalApertureOffset = 0
            }
        }
    }

    def Xform "DirectLight_002"
    {
        matrix4d xformOp:transform = ( (1, 0, 0, 0), (0, 1, 0, 0), (0, 0, 1, 0), (0, 0, 0, 1) )
        uniform token[] xformOpOrder = ["xformOp:transform"]

        def DistantLight "DirectLight_002"
        {
            float inputs:angle = 0.263
            color3f inputs:color = (1, 1, 1)
            float inputs:diffuse = 1
            float inputs:exposure = 0
            float inputs:intensity = 0.25
            bool inputs:normalize = 1
            float inputs:specular = 1
        }
    }

    def Xform "DirectLight_001"
    {
        matrix4d xformOp:transform = ( (1, 0, 0, 0), (0, 1, 0, 0), (0, 0, 1, 0), (0, 0, 0, 1) )
        uniform token[] xformOpOrder = ["xformOp:transform"]

        def DistantLight "DirectLight_001"
        {
            float inputs:angle = 0.263
            color3f inputs:color = (1, 1, 1)
            float inputs:diffuse = 1
            float inputs:exposure = 0
            float inputs:intensity = 0.1875
            bool inputs:normalize = 1
            float inputs:specular = 1
        }
    }

    def Xform "DirectLight"
    {
        matrix4d xformOp:transform = ( (1, 0, 0, 0), (0, 1, 0, 0), (0, 0, 1, 0), (0, 0, 0, 1) )
        uniform token[] xformOpOrder = ["xformOp:transform"]

        def DistantLight "DirectLight"
        {
            float inputs:angle = 0.263
            color3f inputs:color = (1, 1, 1)
            float inputs:diffuse = 1
            float inputs:exposure = 0
            float inputs:intensity = 0.25
            bool inputs:normalize = 1
            float inputs:specular = 1
        }
    }

    def Xform "hanim_humanoid"
    {
        matrix4d xformOp:transform = ( (1, 0, 0, 0), (0, 1, 0, 0), (0, 0, 1, 0), (0, 0, 0, 1) )
        uniform token[] xformOpOrder = ["xformOp:transform"]

        def Skeleton "hanim_humanoid_root" (
            prepend apiSchemas = ["SkelBindingAPI"]
        )
        {
            uniform matrix4d[] bindTransforms = [( (1, 0, 0, 0), (0, 0.9999999403953552, 0, 0), (0, 0, 1, 0), (0, 0, 0, 1) ), ( (1, 0, 0, 0), (0, 0.9417418837547302, 0.3363364040851593, 0), (0, -0.3363363742828369, 0.9417418837547302, 0), (0, 0.7699999213218689, 0, 1) ), ( (0.1448506861925125, -0.9274474382400513, 0.3447602689266205, 0), (0.9274474382400513, 0.0058579519391059875, -0.37390777468681335, 0), (0.3447602391242981, 0.37390774488449097, 0.8610072135925293, 0), (0, 0.825999915599823, 0.020000001415610313, 1) ), ( (-0.6318027973175049, 0.005744338035583496, -0.7751079797744751, 0), (-0.00574425607919693, -0.9999797940254211, -0.0027285516262054443, 0), (-0.7751079201698303, 0.0027284175157546997, 0.6318230032920837, 0), (0.0950000062584877, 0.8265999555587769, -0.018300002440810204, 1) ), ( (0.6969029903411865, 0.012121099978685379, 0.7170631885528564, 0), (-0.01212114654481411, -0.9995146989822388, 0.028676042333245277, 0), (0.7170630693435669, -0.02867596596479416, -0.696418285369873, 0), (0.0926000103354454, 0.4087999761104584, -0.01944001391530037, 1) ), ( (0.3774392008781433, 0.17091859877109528, 0.9101245999336243, 0), (-0.17091867327690125, -0.9530752301216125, 0.24986687302589417, 0), (0.9101245403289795, -0.2498665750026703, -0.3305148780345917, 0), (0.08880000561475754, 0.09545013308525085, -0.010450017638504505, 1) ), ( (0.5001405477523804, 0.6054614782333374, 0.6190926432609558, 0), (-0.6054621934890747, -0.26662561297416687, 0.7498844265937805, 0), (0.6190922260284424, -0.7498840093612671, 0.2332339733839035, 0), (0.07830000668764114, 0.03690013661980629, 0.004899982362985611, 1) ), ( (0.9845978617668152, 0.10210675001144409, 0.1419202983379364, 0), (-0.10210706293582916, -0.3230953514575958, 0.9408419728279114, 0), (0.14191997051239014, -0.9408413171768188, -0.30769333243370056, 0), (0.0674000084400177, 0.0321001335978508, 0.018399983644485474, 1) ), ( (0.996997058391571, 0.04975783824920654, 0.05933910980820656, 0), (-0.049757711589336395, -0.1755453497171402, 0.9832131862640381, 0), (0.059339068830013275, -0.9832125306129456, -0.17254243791103363, 0), (0.06460000574588776, 0.023240134119987488, 0.04419998079538345, 1) ), ( (0.9999758005142212, 0.004643522202968597, 0.00519791804254055, 0), (-0.004643330350518227, -0.11236666887998581, 0.9936560392379761, 0), (0.005197905004024506, -0.9936554431915283, -0.11234244704246521, 0), (0.06210000813007355, 0.014420134015381336, 0.09359997510910034, 1) ), ( (0.9592920541763306, -0.18066954612731934, -0.21706485748291016, 0), (0.18066953122615814, -0.19815349578857422, 0.9633763432502747, 0), (-0.21706512570381165, -0.9633755683898926, -0.15744566917419434, 0), (0.07830000668764114, 0.03690013661980629, 0.004899982362985611, 1) ), ( (0.9949884414672852, 0.05700680613517761, 0.0821472555398941, 0), (-0.05700663477182388, -0.3515414297580719, 0.9344351291656494, 0), (0.08214728534221649, -0.9344343543052673, -0.34653007984161377, 0), (0.08140000700950623, 0.03350013867020607, 0.021429982036352158, 1) ), ( (0.9980432987213135, -0.0397530198097229, -0.04826284199953079, 0), (0.039753060787916183, -0.19237005710601807, 0.9805170297622681, 0), (-0.04826293885707855, -0.9805163145065308, -0.1904134452342987, 0), (0.08020000904798508, 0.026100140064954758, 0.04109998047351837, 1) ), ( (0.9860324859619141, -0.10952542722225189, -0.12547621130943298, 0), (0.10952559113502502, -0.14116685092449188, 0.9839087128639221, 0), (-0.12547622621059418, -0.9839079976081848, -0.12719930708408356, 0), (0.08250001072883606, 0.014970142394304276, 0.09782996773719788, 1) ), ( (1.0000001192092896, 1.1175870895385742e-7, 5.4016709327697754e-8, 0), (2.0489096641540527e-8, -0.28730133175849915, 0.9578403234481812, 0), (5.960464477539063e-8, -0.9578396081924438, -0.28730151057243347, 0), (0.08430000394582748, 0.012650142423808575, 0.11399997025728226, 1) ), ( (0.4273521602153778, -0.691499650478363, -0.582406759262085, 0), (0.6915000677108765, -0.16497959196567535, 0.7032842636108398, 0), (-0.5824066400527954, -0.7032842636108398, 0.4076682925224304, 0), (0.07830000668764114, 0.03690013661980629, 0.004899982362985611, 1) ), ( (0.9908329248428345, -0.07729241251945496, -0.11079646646976471, 0), (0.07729285955429077, -0.34829455614089966, 0.9341928958892822, 0), (-0.11079591512680054, -0.934192419052124, -0.3391275107860565, 0), (0.09296999871730804, 0.03340013697743416, 0.019819974899291992, 1) ), ( (0.998613178730011, -0.03344300389289856, -0.04065932333469391, 0), (0.03344322741031647, -0.19348032772541046, 0.98053377866745, 0), (-0.04065887629985809, -0.9805333018302917, -0.19209346175193787, 0), (0.09459000080823898, 0.02610013820230961, 0.039399974048137665, 1) ), ( (0.9712510108947754, -0.15155881643295288, -0.1835792064666748, 0), (0.15155906975269318, -0.20100827515125275, 0.9677940011024475, 0), (-0.18357884883880615, -0.967793345451355, -0.1722591668367386, 0), (0.09650000184774399, 0.015050137415528297, 0.09539997577667236, 1) ), ( (0.967012345790863, -0.1606142371892929, -0.19771221280097961, 0), (0.16061462461948395, -0.217977374792099, 0.9626465439796448, 0), (-0.1977117359638214, -0.962645947933197, -0.18498960137367249, 0), (0.098860003054142, 0.011920138262212276, 0.11046997457742691, 1) ), ( (0.999274730682373, -0.007401765324175358, 0.037354856729507446, 0), (0.007401794195175171, -0.9244683384895325, -0.38118600845336914, 0), (0.03735482692718506, 0.38118574023246765, -0.9237436056137085, 0), (0.08880000561475754, 0.09545013308525085, -0.010450017638504505, 1) ), ( (0.4275484085083008, -0.5127885937690735, -0.7444798350334167, 0), (0.5127888321876526, -0.5406554937362671, 0.6668877005577087, 0), (-0.744479775428772, -0.6668872237205505, 0.0317959189414978, 0), (0.08910001069307327, 0.05798013508319855, -0.025900021195411682, 1) ), ( (0.9835679531097412, 0.10863351821899414, 0.144197478890419, 0), (-0.10863345861434937, -0.28181737661361694, 0.9532985687255859, 0), (0.14419761300086975, -0.9532978534698486, -0.2653854787349701, 0), (0.11063000559806824, 0.03528013080358505, 0.002099979668855667, 1) ), ( (0.9951436519622803, -0.06274455785751343, -0.07584318518638611, 0), (0.06274446845054626, -0.1893298625946045, 0.9799071550369263, 0), (-0.0758432000875473, -0.9799063801765442, -0.18447360396385193, 0), (0.10649000853300095, 0.02454013004899025, 0.03842998668551445, 1) ), ( (0.9156913161277771, -0.2703790068626404, -0.2973294258117676, 0), (0.27037927508354187, -0.1328907310962677, 0.9535385966300964, 0), (-0.2973291277885437, -0.9535379409790039, -0.04858194291591644, 0), (0.10986700654029846, 0.01435012649744749, 0.09116998314857483, 1) ), ( (0.9454684853553772, -0.18723651766777039, -0.26651817560195923, 0), (0.18723686039447784, -0.35711362957954407, 0.9151028394699097, 0), (-0.26651787757873535, -0.9151020050048828, -0.3025822043418884, 0), (0.11416000872850418, 0.012240126729011536, 0.10630998760461807, 1) ), ( (0.8772798180580139, -0.2743207514286041, -0.3938635289669037, 0), (0.2743210792541504, -0.38680070638656616, 0.8804166316986084, 0), (-0.393863320350647, -0.8804160952568054, -0.26408055424690247, 0), (0.11063000559806824, 0.03528013080358505, 0.002099979668855667, 1) ), ( (0.9954976439476013, -0.06227412819862366, -0.07145944237709045, 0), (0.06227424740791321, -0.13866308331489563, 0.9883798956871033, 0), (-0.07145929336547852, -0.9883792996406555, -0.13416072726249695, 0), (0.12080001085996628, 0.020940128713846207, 0.034739986062049866, 1) ), ( (0.8861733078956604, -0.2752993106842041, -0.3727024495601654, 0), (0.27529945969581604, -0.33416491746902466, 0.901412308216095, 0), (-0.37270236015319824, -0.9014117121696472, -0.2203383445739746, 0), (0.12406500428915024, 0.01367012970149517, 0.08655998110771179, 1) ), ( (0.9828830361366272, -0.11077584326267242, -0.14720678329467773, 0), (0.11077606678009033, -0.283094197511673, 0.9526734948158264, 0), (-0.14720654487609863, -0.9526727795600891, -0.26597723364830017, 0), (0.12638001143932343, 0.010860128328204155, 0.09413997828960419, 1) ), ( (0.14645949006080627, 0.9268079400062561, -0.34579843282699585, 0), (-0.9268079400062561, 0.006364569067955017, -0.37548160552978516, 0), (-0.3457984924316406, 0.375481516122818, 0.8599052429199219, 0), (0, 0.825999915599823, 0.020000001415610313, 1) ), ( (-0.5625169277191162, -0.004930466413497925, 0.8267711997032166, 0), (0.004930213093757629, -0.9999845623970032, -0.0026087164878845215, 0), (0.8267711997032166, 0.0026088282465934753, 0.5625324845314026, 0), (-0.09465999156236649, 0.8266499638557434, -0.01834999956190586, 1) ), ( (0.6487606167793274, -0.013235634192824364, -0.7608776092529297, 0), (0.013235906139016151, -0.9995015263557434, 0.028672460466623306, 0), (-0.7608776092529297, -0.02867254801094532, -0.6482617855072021, 0), (-0.09259999543428421, 0.4088248312473297, -0.019440002739429474, 1) ), ( (0.3743784725666046, -0.17113104462623596, -0.9113479256629944, 0), (0.1711311936378479, -0.9531894326210022, 0.24928820133209229, 0), (-0.9113479852676392, -0.2492883801460266, -0.3275676667690277, 0), (-0.08844999223947525, 0.09543976187705994, -0.010450000874698162, 1) ), ( (0.49864667654037476, -0.6068739295005798, -0.618914783000946, 0), (0.6068739891052246, -0.26539647579193115, 0.7491788864135742, 0), (-0.6189150214195251, -0.7491791248321533, 0.23595692217350006, 0), (-0.07793999463319778, 0.03689975664019585, 0.004860001616179943, 1) ), ( (0.9825811386108398, -0.10858643054962158, -0.1508108228445053, 0), (0.1085866391658783, -0.32310065627098083, 0.9401147365570068, 0), (-0.1508110761642456, -0.9401147365570068, -0.3056812286376953, 0), (-0.06697998940944672, 0.032106757164001465, 0.018389999866485596, 1) ), ( (0.9975916147232056, -0.044568173587322235, -0.05315537750720978, 0), (0.044568486511707306, -0.17538873851299286, 0.9834903478622437, 0), (-0.053155526518821716, -0.9834904074668884, -0.1729796975851059, 0), (-0.06399999558925629, 0.023239756003022194, 0.04419000446796417, 1) ), ( (0.9999995827674866, -0.0009170062839984894, -0.0010207854211330414, 0), (0.0009172947611659765, -0.10663029551506042, 0.9942987561225891, 0), (-0.0010209418833255768, -0.9942986965179443, -0.10662912577390671, 0), (-0.06175999343395233, 0.014424758031964302, 0.09362000226974487, 1) ), ( (0.9604488015174866, 0.17811261117458344, 0.21404317021369934, 0), (-0.17811259627342224, -0.1979028582572937, 0.9639039635658264, 0), (0.21404290199279785, -0.9639041423797607, -0.15835121273994446, 0), (-0.07793999463319778, 0.03689975664019585, 0.004860001616179943, 1) ), ( (0.995218813419342, -0.05566003918647766, -0.08025923371315002, 0), (0.05566021054983139, -0.3520386219024658, 0.9343293905258179, 0), (-0.08025932312011719, -0.9343294501304626, -0.347257137298584, 0), (-0.08099999278783798, 0.03349975869059563, 0.021420001983642578, 1) ), ( (0.9980968236923218, 0.03920885920524597, 0.047596901655197144, 0), (-0.03920869529247284, -0.19224373996257782, 0.9805639386177063, 0), (0.047596774995326996, -0.9805639982223511, -0.1903402954339981, 0), (-0.07982999086380005, 0.026099756360054016, 0.04106000065803528, 1) ), ( (0.9860300421714783, 0.10952342301607132, 0.1254965215921402, 0), (-0.1095232218503952, -0.14134572446346283, 0.9838834404945374, 0), (0.12549641728401184, -0.9838835597038269, -0.1273755431175232, 0), (-0.08209998905658722, 0.014969756826758385, 0.09782999753952026, 1) ), ( (0.9999998807907104, 2.2351741790771484e-7, 1.0617077350616455e-7, 0), (-5.587935447692871e-9, -0.2865561246871948, 0.9580638408660889, 0), (6.705522537231445e-8, -0.9580639004707336, -0.2865558862686157, 0), (-0.08389998972415924, 0.012646757066249847, 0.11400000005960464, 1) ), ( (0.42879411578178406, 0.69053053855896, 0.582497775554657, 0), (-0.6905304193496704, -0.16521890461444855, 0.7041809558868408, 0), (0.5824977159500122, -0.7041810750961304, 0.4059874415397644, 0), (-0.07793999463319778, 0.03689975664019585, 0.004860001616179943, 1) ), ( (0.9908359050750732, 0.07730600237846375, 0.1107618659734726, 0), (-0.07730579376220703, -0.34787529706954956, 0.9343483448028564, 0), (0.11076176166534424, -0.9343485236167908, -0.33871084451675415, 0), (-0.09260999411344528, 0.03338975831866264, 0.01982000097632408, 1) ), ( (0.9986717700958252, 0.03273259848356247, 0.039793141186237335, 0), (-0.032732345163822174, -0.1934184730052948, 0.9805702567100525, 0), (0.03979305922985077, -0.9805704951286316, -0.19208987057209015, 0), (-0.09422999620437622, 0.026099760085344315, 0.03940000385046005, 1) ), ( (0.9702115058898926, 0.15425899624824524, 0.18679964542388916, 0), (-0.15425874292850494, -0.2011793553829193, 0.9673320055007935, 0), (0.18679958581924438, -0.9673323035240173, -0.17139047384262085, 0), (-0.09609999507665634, 0.015049757435917854, 0.09542001038789749, 1) ), ( (0.9671933650970459, 0.16007046401500702, 0.19726833701133728, 0), (-0.16007018089294434, -0.21898873150348663, 0.962507963180542, 0), (0.1972683072090149, -0.9625081419944763, -0.1861816793680191, 0), (-0.09849999099969864, 0.011919759213924408, 0.1104700043797493, 1) ), ( (0.9994304776191711, 0.006584992632269859, -0.033097684383392334, 0), (-0.00658494234085083, -0.9238722324371338, -0.3826449513435364, 0), (-0.03309762477874756, 0.3826450705528259, -0.9233025312423706, 0), (-0.08844999223947525, 0.09543976187705994, -0.010450000874698162, 1) ), ( (0.4287113547325134, 0.5126634836196899, 0.7438970804214478, 0), (-0.5126633644104004, -0.5399461388587952, 0.6675589680671692, 0), (0.743897020816803, -0.6675587892532349, 0.03134283423423767, 0), (-0.08871699124574661, 0.0579797625541687, -0.025965001434087753, 1) ), ( (0.9835678339004517, -0.10863333940505981, -0.1441977471113205, 0), (0.10863363742828369, -0.28181737661361694, 0.9532985687255859, 0), (-0.14419761300086975, -0.9532986283302307, -0.2653850018978119, 0), (-0.11026999354362488, 0.035279761999845505, 0.0021000001579523087, 1) ), ( (0.9951636791229248, 0.06261523067951202, 0.07568727433681488, 0), (-0.06261502951383591, -0.18933135271072388, 0.9799150824546814, 0), (0.07568727433681488, -0.9799149632453918, -0.1844947338104248, 0), (-0.10612998902797699, 0.024539761245250702, 0.03843000531196594, 1) ), ( (0.9160526990890503, 0.2697824239730835, 0.2967578172683716, 0), (-0.2697822153568268, -0.13300004601478577, 0.9536923766136169, 0), (0.2967578172683716, -0.9536921977996826, -0.04905225336551666, 0), (-0.109499990940094, 0.014349760487675667, 0.09117000550031662, 1) ), ( (0.9449804425239563, 0.1883024126291275, 0.267496258020401, 0), (-0.18830212950706482, -0.35554414987564087, 0.9154950380325317, 0), (0.2674962878227234, -0.915494978427887, -0.3005242347717285, 0), (-0.11377999186515808, 0.012239760719239712, 0.1063000038266182, 1) ), ( (0.877289891242981, 0.27433541417121887, 0.3938305974006653, 0), (-0.27433520555496216, -0.3866859972476959, 0.880462646484375, 0), (0.3938305377960205, -0.8804625868797302, -0.26397567987442017, 0), (-0.11026999354362488, 0.035279761999845505, 0.0021000001579523087, 1) ), ( (0.9955655336380005, 0.06179890036582947, 0.0709228590130806, 0), (-0.06179869920015335, -0.13876067101955414, 0.9883959889411926, 0), (0.07092288136482239, -0.9883960485458374, -0.13432607054710388, 0), (-0.12043999135494232, 0.020944762974977493, 0.03474000096321106, 1) ), ( (0.8857279419898987, 0.27584895491600037, 0.37335413694381714, 0), (-0.2758488059043884, -0.33411020040512085, 0.9012648463249207, 0), (0.37335407733917236, -0.9012647271156311, -0.2198379784822464, 0), (-0.1236799955368042, 0.01366976648569107, 0.08655999600887299, 1) ), ( (0.9828828573226929, 0.11077621579170227, 0.14720669388771057, 0), (-0.11077600717544556, -0.283094197511673, 0.9526734352111816, 0), (0.14720672369003296, -0.9526734352111816, -0.2659769356250763, 0), (-0.12599998712539673, 0.01085976604372263, 0.09413999319076538, 1) ), ( (1, 0, 0, 0), (0, 0.9961026906967163, -0.08820056915283203, 0), (0, 0.08820056170225143, 0.9961027503013611, 0), (0, 0.7699999213218689, 0, 1) ), ( (1, 0, 0, 0), (0, 0.9999999403953552, 0, 0), (0, 7.450580596923828e-9, 1, 0), (0, 0.9253999590873718, -0.013759998604655266, 1) ), ( (1, 0, 0, 0), (0, 0.9999999403953552, 0, 0), (0, 7.450580596923828e-9, 1, 0), (0, 0.9496999382972717, -0.013759998604655266, 1) ), ( (1, 0, 0, 0), (0, 0.9999999403953552, 0, 0), (0, 7.450580596923828e-9, 1, 0), (0, 0.9658999443054199, -0.013759998604655266, 1) ), ( (1, 0, 0, 0), (0, 0.9999999403953552, 0, 0), (0, 7.450580596923828e-9, 1, 0), (0, 0.9823499321937561, -0.013759998604655266, 1) ), ( (1, 0, 0, 0), (0, 0.9999999403953552, 0, 0), (0, 7.450580596923828e-9, 1, 0), (0, 0.9996699690818787, -0.013759998604655266, 1) ), ( (1, 0, 0, 0), (0, 0.9999999403953552, 0, 0), (0, 7.450580596923828e-9, 1, 0), (0, 1.0230998992919922, -0.013759998604655266, 1) ), ( (1, 0, 0, 0), (0, 0.9999991655349731, -0.0011696001747623086, 0), (0, 0.0011696075089275837, 0.9999993443489075, 0), (0, 1.04669988155365, -0.013759998604655266, 1) ), ( (1, 0, 0, 0), (0, 0.9999989867210388, 0.0013698682887479663, 0), (0, -0.0013698604889214039, 0.9999991059303284, 0), (0, 1.0637998580932617, -0.013779998756945133, 1) ), ( (1, 0, 0, 0), (0, 0.9999998807907104, 1.1641532182693481e-10, 0), (0, 7.566995918750763e-9, 1, 0), (0, 1.078399896621704, -0.013759998604655266, 1) ), ( (1, 0, 0, 0), (0, 0.9999998807907104, 0, 0), (0, 7.683411240577698e-9, 1, 0), (0, 1.0929999351501465, -0.013759998604655266, 1) ), ( (1, 0, 0, 0), (0, 0.9999998807907104, 0, 0), (0, 7.683411240577698e-9, 1, 0), (0, 1.108799934387207, -0.013759998604655266, 1) ), ( (1, 0, 0, 0), (0, 0.9999998807907104, 0, 0), (0, 7.683411240577698e-9, 1, 0), (0, 1.1215999126434326, -0.013759998604655266, 1) ), ( (1, 0, 0, 0), (0, 0.9999998807907104, 0, 0), (0, 7.683411240577698e-9, 1, 0), (0, 1.1369998455047607, -0.013759998604655266, 1) ), ( (1, 0, 0, 0), (0, 0.9999998807907104, 0, 0), (0, 7.683411240577698e-9, 1, 0), (0, 1.1523998975753784, -0.013759998604655266, 1) ), ( (1, 0, 0, 0), (0, 0.9999995827674866, -0.0008097208919934928, 0), (0, 0.0008097284589894116, 0.9999997019767761, 0), (0, 1.1708998680114746, -0.013759998604655266, 1) ), ( (1, 0, 0, 0), (0, 0.9999995827674866, -0.0008196781272999942, 0), (0, 0.000819685694295913, 0.9999997019767761, 0), (0, 1.195599913597107, -0.013779998756945133, 1) ), ( (1, 0, 0, 0), (0, 0.9987620711326599, -0.04974067956209183, 0), (0, 0.049740683287382126, 0.9987621903419495, 0), (0, 1.21999990940094, -0.013799998909235, 1) ), ( (1, 0, 0, 0), (0, 0.9999999403953552, 0, 0), (0, 1.1175870895385742e-8, 1.0000001192092896, 0), (0, 1.2452999353408813, -0.0150599991902709, 1) ), ( (1, 0, 0, 0), (0, 0.9999999403953552, 0, 0), (0, 1.1175870895385742e-8, 1.0000001192092896, 0), (0, 1.2574999332427979, -0.0150599991902709, 1) ), ( (1, 0, 0, 0), (0, 0.9999999403953552, 0, 0), (0, 1.1175870895385742e-8, 1.0000001192092896, 0), (0, 1.269899845123291, -0.0150599991902709, 1) ), ( (1, 0, 0, 0), (0, 0.9999999403953552, 0, 0), (0, 1.1175870895385742e-8, 1.0000001192092896, 0), (0, 1.282269835472107, -0.0150599991902709, 1) ), ( (1, 0, 0, 0), (0, 0.9999872446060181, 0.005041962023824453, 0), (0, -0.005041949916630983, 0.9999874234199524, 0), (0, 1.2950998544692993, -0.0150599991902709, 1) ), ( (1, 0, 0, 0), (0, 0.9999621510505676, -0.008695388212800026, 0), (0, 0.008695399388670921, 0.999962329864502, 0), (0, 1.306999921798706, -0.014999998733401299, 1) ), ( (1, 0, 0, 0), (0, -0.9987097978591919, -0.050781555473804474, 0), (0, 0.050781507045030594, -0.9987130165100098, 0), (0, 1.3184999227523804, -0.015099999494850636, 1) ), ( (0.920454740524292, -0.3833610415458679, -0.0761427953839302, 0), (0.3833608329296112, 0.8475690484046936, 0.3669636845588684, 0), (-0.07614317536354065, -0.3669623136520386, 0.9271174669265747, 0), (0, 1.3125998973846436, -0.015399998985230923, 1) ), ( (0.920454740524292, 0.3833610415458679, 0.0761427953839302, 0), (-0.3833608329296112, 0.8475690484046936, 0.3669636845588684, 0), (0.07614317536354065, -0.3669623136520386, 0.9271174669265747, 0), (0, 1.3125998973846436, -0.015399998985230923, 1) ), ( (0.9313760995864868, -0.33590489625930786, -0.14037995040416718, 0), (0.3359055519104004, 0.6442136764526367, 0.6871383786201477, 0), (-0.14037786424160004, -0.6871366500854492, 0.7128397226333618, 0), (0, 1.3125998973846436, -0.015399998985230923, 1) ), ( (0.9313681125640869, 0.3359234631061554, 0.14038683474063873, 0), (-0.3359241187572479, 0.6442089676856995, 0.6871334314346313, 0), (0.14038501679897308, -0.6871318221092224, 0.7128424644470215, 0), (0, 1.3125998973846436, -0.015399998985230923, 1) ), ( (0.9887176752090454, -0.13569346070289612, -0.06344158947467804, 0), (0.13569402694702148, 0.6319910287857056, 0.7630059719085693, 0), (-0.06344020366668701, -0.7630036473274231, 0.6432756781578064, 0), (0, 1.3125998973846436, -0.015399998985230923, 1) ), ( (0.9887211322784424, 0.13566753268241882, 0.06344303488731384, 0), (-0.13566820323467255, 0.6318708658218384, 0.7631102204322815, 0), (0.06344139575958252, -0.7631080150604248, 0.6431524157524109, 0), (0, 1.3125998973846436, -0.015399998985230923, 1) ), ( (1, 0, 0, 0), (0, 0.006498690694570541, 0.9999819993972778, 0), (0, -0.9999788403511047, 0.006498739123344421, 0), (0, 1.3125998973846436, -0.015399998985230923, 1) ), ( (-0.28183019161224365, -0.959463894367218, -0.0006664174143224955, 0), (0.9594639539718628, -0.28183072805404663, 0.0004988153814338148, 0), (-0.0006664122920483351, -0.000498814566526562, 0.9999996423721313, 0), (0, 1.21999990940094, -0.013799998909235, 1) ), ( (-0.19576285779476166, -0.9805720448493958, -0.012457337230443954, 0), (0.980571985244751, -0.19589278101921082, 0.010215491987764835, 0), (-0.012457326985895634, -0.010215493850409985, 0.999870240688324, 0), (0.03846999630331993, 1.2086998224258423, -0.013779998756945133, 1) ), ( (-0.22942815721035004, -0.9318543672561646, -0.2810872495174408, 0), (0.9318541884422302, -0.2936939597129822, 0.2130521684885025, 0), (-0.281087189912796, -0.2130521833896637, 0.9357343912124634, 0), (0.12293998897075653, 1.1918249130249023, -0.012899999506771564, 1) ), ( (-0.9599993228912354, -0.06802714616060257, 0.27161216735839844, 0), (0.06802713125944138, -0.9976389408111572, -0.00942714512348175, 0), (0.2716120481491089, 0.009426921606063843, 0.962360680103302, 0), (0.16505998373031616, 1.178549885749817, -0.0032699983566999435, 1) ), ( (0.8332492709159851, 0.0009289570152759552, 0.5528965592384338, 0), (-0.0009289698209613562, -0.9999948740005493, 0.003080212976783514, 0), (0.5528963804244995, -0.003080214373767376, -0.8332443237304688, 0), (0.18208996951580048, 0.9287998676300049, -0.005630000494420528, 1) ), ( (0.9990243911743164, 0.01973152533173561, 0.03950232267379761, 0), (-0.0197315514087677, -0.6008303165435791, 0.7991331815719604, 0), (0.03950232267379761, -0.7991331219673157, -0.5998549461364746, 0), (0.18189996480941772, 0.7242698669433594, -0.005000001285225153, 1) ), ( (0.9733789563179016, 0.05316431075334549, 0.22294940054416656, 0), (-0.053164370357990265, -0.8938255310058594, 0.4452524483203888, 0), (0.2229493260383606, -0.445252388715744, -0.8672047853469849, 0), (0.18129996955394745, 0.7059998512268066, 0.019300002604722977, 1) ), ( (0.9950443506240845, -0.022593624889850616, -0.09682703018188477, 0), (0.022593723610043526, -0.89698326587677, 0.4414871037006378, 0), (-0.09682686626911163, -0.44148698449134827, -0.8920280337333679, 0), (0.18049997091293335, 0.6925498843193054, 0.026000002399086952, 1) ), ( (0.976416289806366, -0.06852558255195618, -0.20473062992095947, 0), (0.0685255378484726, -0.8008862733840942, 0.5948829650878906, 0), (-0.20473042130470276, -0.5948828458786011, -0.7773030400276184, 0), (0.1809999644756317, 0.6726998686790466, 0.035770002752542496, 1) ), ( (0.9961870908737183, 0.028285199776291847, 0.08252823352813721, 0), (-0.028285056352615356, -0.7901647090911865, 0.6122416257858276, 0), (0.0825282633304596, -0.6122416853904724, -0.7863519787788391, 0), (0.18189996480941772, 0.7242698669433594, -0.005000001285225153, 1) ), ( (0.9999998807907104, -7.82310962677002e-8, -5.438923835754395e-7, 0), (-3.725290298461914e-9, -0.9974666833877563, 0.07113721966743469, 0), (-5.438923835754395e-7, -0.07113724946975708, -0.9974666237831116, 0), (0.1812799721956253, 0.7069498896598816, 0.008419999852776527, 1) ), ( (0.6528550386428833, -0.04770054295659065, -0.7559794783592224, 0), (0.04770100861787796, -0.9934456944465637, 0.10387809574604034, 0), (-0.7559791803359985, -0.10387833416461945, -0.6463006734848022, 0), (0.1812799721956253, 0.6875998973846436, 0.009800000116229057, 1) ), ( (-0.6645030379295349, 0.06529271602630615, -0.7444276809692383, 0), (-0.06529262661933899, -0.9974390864372253, -0.02920137345790863, 0), (-0.7444275617599487, 0.029201315715909004, 0.6670644879341125, 0), (0.18369996547698975, 0.637199878692627, 0.015069999732077122, 1) ), ( (-0.25566616654396057, 0.04121443256735802, -0.9658862948417664, 0), (-0.0412144660949707, -0.9986474514007568, -0.03170306608080864, 0), (-0.965886116027832, 0.0317031666636467, 0.25701913237571716, 0), (0.18170997500419617, 0.6067999005317688, 0.014179999008774757, 1) ), ( (-0.8863500356674194, 0.052005186676979065, 0.4600857198238373, 0), (-0.05200514942407608, -0.9985664486885071, 0.012684222310781479, 0), (0.46008551120758057, -0.01268418412655592, 0.8877840042114258, 0), (0.18189996480941772, 0.7242698669433594, -0.005000001285225153, 1) ), ( (0.9999998211860657, -9.96515154838562e-8, 0.0000013113021850585938, 0), (-1.862645149230957e-9, -0.9979706406593323, -0.06367693096399307, 0), (0.0000013709068298339844, 0.06367696076631546, -0.997970700263977, 0), (0.18107996881008148, 0.7085248827934265, -0.004800001624971628, 1) ), ( (-0.10324335843324661, -0.05115540325641632, -0.9933398962020874, 0), (0.05115531384944916, -0.9976280927658081, 0.04605940729379654, 0), (-0.9933396577835083, -0.04605929180979729, 0.10561543703079224, 0), (0.18107996881008148, 0.6857998967170715, -0.006250001490116119, 1) ), ( (-0.9196307063102722, 0.06233396753668785, 0.3878059983253479, 0), (-0.06233398988842964, -0.9979758858680725, 0.012592759914696217, 0), (0.38780587911605835, -0.01259283535182476, 0.9216550588607788, 0), (0.18368996679782867, 0.6348998546600342, -0.0039000017568469048, 1) ), ( (-0.9238808751106262, 0.03617607429623604, -0.38096582889556885, 0), (-0.03617606312036514, -0.9993197321891785, -0.007163568399846554, 0), (-0.3809657394886017, 0.007163522765040398, 0.9245613813400269, 0), (0.18170997500419617, 0.6031998991966248, -0.0035000022035092115, 1) ), ( (0.9974021911621094, 0.0295272134244442, -0.06570103764533997, 0), (-0.02952718734741211, -0.6643639802932739, -0.7468256950378418, 0), (-0.06570115685462952, 0.7468258142471313, -0.6617664098739624, 0), (0.18189996480941772, 0.7242698669433594, -0.005000001285225153, 1) ), ( (0.9999768137931824, -0.0009792223572731018, -0.006705347448587418, 0), (0.000979159027338028, -0.9582428932189941, 0.285954087972641, 0), (-0.0067054834216833115, -0.28595396876335144, -0.9582198858261108, 0), (0.18107996881008148, 0.7058199048042297, -0.025739997625350952, 1) ), ( (-0.4763772487640381, -0.049534618854522705, 0.8778443336486816, 0), (0.04953444376587868, -0.9983376860618591, -0.02945294976234436, 0), (0.8778442144393921, 0.029452748596668243, 0.4780394732952118, 0), (0.18109996616840363, 0.686249852180481, -0.019899999722838402, 1) ), ( (-0.719124436378479, 0.07227452099323273, 0.6911121606826782, 0), (-0.07227472960948944, -0.996961236000061, 0.029055267572402954, 0), (0.6911120414733887, -0.02905568666756153, 0.7221632599830627, 0), (0.18368996679782867, 0.6340498924255371, -0.02144000120460987, 1) ), ( (-0.1664556860923767, 0.039753228425979614, 0.9852471947669983, 0), (-0.03975336253643036, -0.9986448287963867, 0.03357767313718796, 0), (0.985247015953064, -0.03357773274183273, 0.16781067848205566, 0), (0.1816999763250351, 0.6065998673439026, -0.020640002563595772, 1) ), ( (0.9998428821563721, 0.005717518273741007, -0.016766875982284546, 0), (-0.005717545747756958, -0.791678249835968, -0.6109115481376648, 0), (-0.016766905784606934, 0.61091148853302, -0.791521430015564, 0), (0.18189996480941772, 0.7242698669433594, -0.005000001285225153, 1) ), ( (0.7325366735458374, -0.03295382857322693, 0.6799294352531433, 0), (0.032953329384326935, -0.9959398508071899, -0.0837726891040802, 0), (0.679929256439209, 0.0837724506855011, -0.7284767031669617, 0), (0.18163996934890747, 0.688269853591919, -0.0327800028026104, 1) ), ( (-0.9788386821746826, 0.09546491503715515, -0.18099963665008545, 0), (-0.09546491503715515, -0.9953945279121399, -0.008731454610824585, 0), (-0.1809994876384735, 0.008732430636882782, 0.9834444522857666, 0), (0.1832999736070633, 0.6380999088287354, -0.037000007927417755, 1) ), ( (-0.8430999517440796, 0.0459362231194973, 0.5357910394668579, 0), (-0.045936159789562225, -0.9988551735877991, 0.013353707268834114, 0), (0.5357909798622131, -0.013353722169995308, 0.8442450761795044, 0), (0.18165996670722961, 0.6209998726844788, -0.037150006741285324, 1) ), ( (-0.2818305790424347, 0.9594639539718628, 7.159542292356491e-9, 0), (-0.9594640731811523, -0.28183072805404663, 0, 0), (2.1245796233415604e-9, 7.566995918750763e-10, 1.0000001192092896, 0), (0, 1.21999990940094, -0.013799998909235, 1) ), ( (-0.19590142369270325, 0.9805405139923096, 0.012747972272336483, 0), (-0.9805406332015991, -0.19603747129440308, 0.010452279821038246, 0), (0.012747961096465588, -0.010452277027070522, 0.9998642206192017, 0), (-0.03847000002861023, 1.2086998224258423, -0.013799998909235, 1) ), ( (-0.23024477064609528, 0.9309436082839966, 0.28342729806900024, 0), (-0.9309436082839966, -0.2955416738986969, 0.2144734412431717, 0), (0.2834271788597107, -0.21447335183620453, 0.9347033500671387, 0), (-0.12290000170469284, 1.1918199062347412, -0.012899999506771564, 1) ), ( (-0.959561824798584, 0.06790782511234283, -0.2731834053993225, 0), (-0.06790787726640701, -0.9976465106010437, -0.009467199444770813, 0), (-0.2731833755970001, 0.009466961026191711, 0.9619154334068298, 0), (-0.1647000014781952, 1.178549885749817, -0.0032699983566999435, 1) ), ( (0.952333927154541, -0.0004887157119810581, -0.3050563931465149, 0), (0.000488747376948595, -0.9999950528144836, 0.0031280387192964554, 0), (-0.30505627393722534, -0.003128104843199253, -0.952329158782959, 0), (-0.18170000612735748, 0.9287998676300049, -0.005640009418129921, 1) ), ( (0.9989261031150818, -0.020767150446772575, -0.041409820318222046, 0), (0.020767226815223694, -0.5982877612113953, 0.8010120987892151, 0), (-0.04140974581241608, -0.8010122776031494, -0.5972141623497009, 0), (-0.18160000443458557, 0.7241998910903931, -0.0050000096671283245, 1) ), ( (0.9608798027038574, -0.06426560878753662, -0.2694057822227478, 0), (0.0642656534910202, -0.8944252729415894, 0.44257572293281555, 0), (-0.26940566301345825, -0.4425758719444275, -0.8553053736686707, 0), (-0.1809699982404709, 0.7060498595237732, 0.01929999329149723, 1) ), ( (0.9916786551475525, 0.029414460062980652, 0.12533032894134521, 0), (-0.0294143445789814, -0.8960225582122803, 0.4430331587791443, 0), (0.1253303587436676, -0.44303324818611145, -0.8877014517784119, 0), (-0.18000000715255737, 0.6925498843193054, 0.025979992002248764, 1) ), ( (0.975597620010376, 0.06936465203762054, 0.20831981301307678, 0), (-0.06936454772949219, -0.8028262257575989, 0.5921643376350403, 0), (0.20831981301307678, -0.5921643972396851, -0.778424143791198